-5.301966028617122184e-02 -2.492490377133158366e-02 -2.926038983140543878e-02 -5.846489844393022717e-02 5.297846126900936786e-02 -2.491858757508700825e-02 -2.491860039127813745e-02
-2.492490377133158366e-02 1.758260329081672273e-03 -2.568157680779744115e-02 -4.678665731724480220e-02 -4.643328045166743995e-02 1.771781151170372277e-03 1.772005438581805530e-03
-2.926038983140543878e-02 -2.568157680779744115e-02 -5.046534470981978854e-02 -6.763758621898512124e-02 -4.332483386441475515e-02 -2.568494039695804962e-02 -2.568490694412515346e-02
-5.846489844393022717e-02 -4.678665731724480220e-02 -6.763758621898512124e-02 -1.074294113238121740e-01 -7.434492052023262965e-02 -4.677922305657450375e-02 -4.677921599180726031e-02
5.297846126900936786e-02 -4.643328045166743995e-02 -4.332483386441475515e-02 -7.434492052023262965e-02 -9.606357328122971939e-02 -4.643606654377645249e-02 -4.643619082749701754e-02
-2.491858757508700825e-02 1.771781151170372277e-03 -2.568494039695804962e-02 -4.677922305657450375e-02 -4.643606654377645249e-02 1.785309566954747804e-03 1.785533920164734077e-03
-2.491860039127813745e-02 1.772005438581805530e-03 -2.568490694412515346e-02 -4.677921599180726031e-02 -4.643619082749701754e-02 1.785533920164734077e-03 1.785758269205895777e-03
