3.029166105104930118e-02 3.035435873664029532e-02 7.684367882467402211e-02 6.084716360494172444e-02 1.878672998376910430e-01 3.037737959835831725e-02 3.037796404754807694e-02
3.035435873664029532e-02 2.436306087220374648e-03 5.629645280306980887e-02 2.244008297146720884e-02 1.177524553495094134e-01 2.456182292491729084e-03 2.456909209460056680e-03
7.684367882467402211e-02 5.629645280306980887e-02 -2.415629197546173904e-02 6.887198489112962563e-02 2.402825276653679509e-01 5.631381604443546490e-02 5.631449829216708669e-02
6.084716360494172444e-02 2.244008297146720884e-02 6.887198489112962563e-02 -6.823312097941694465e-02 1.766332385456627907e-01 2.246080757513582021e-02 2.246146423709589890e-02
1.878672998376910430e-01 1.177524553495094134e-01 2.402825276653679509e-01 1.766332385456627907e-01 -9.909368174677289642e-02 1.177831448213091103e-01 1.177839775431609309e-01
3.037737959835831725e-02 2.456182292491729084e-03 5.631381604443546490e-02 2.246080757513582021e-02 1.177831448213091103e-01 2.476085313090606223e-03 2.476811918634045338e-03
3.037796404754807694e-02 2.456909209460056680e-03 5.631449829216708669e-02 2.246146423709589890e-02 1.177839775431609309e-01 2.476811918634045338e-03 2.477538518437332610e-03
