-1.755061450350761665e-02 3.218808135055643144e-02 9.093246799906266886e-02 1.374498527029707484e-01 9.159077658136975664e-02 3.225000824659028653e-02 3.225005454537887423e-02
3.218808135055643144e-02 8.667619142089959261e-03 3.573888072285608120e-02 9.369057954705121982e-02 1.093999888195838939e-02 8.742263171728744189e-03 8.742554828568850286e-03
9.093246799906266886e-02 3.573888072285608120e-02 8.040108576874045732e-02 1.291913872434366783e-01 9.417335106337672290e-02 3.580538564337545221e-02 3.580555704865458211e-02
1.374498527029707484e-01 9.369057954705121982e-02 1.291913872434366783e-01 1.616873971399346854e-01 1.359655799606008519e-01 9.375851866515437505e-02 9.375882007269005503e-02
9.159077658136975664e-02 1.093999888195838939e-02 9.417335106337672290e-02 1.359655799606008519e-01 -3.932921769062945605e-02 1.100099149391869750e-02 1.100118361077381465e-02
3.225000824659028653e-02 8.742263171728744189e-03 3.580538564337545221e-02 9.375851866515437505e-02 1.100099149391869750e-02 8.816917033689959313e-03 8.817208797132488479e-03
3.225005454537887423e-02 8.742554828568850286e-03 3.580555704865458211e-02 9.375882007269005503e-02 1.100118361077381465e-02 8.817208797132488479e-03 8.817500556125389480e-03
