-5.181653262657138354e-02 -2.379065690769823285e-02 6.140384164959891700e-02 1.445419766513357518e-01 1.698461722444754851e-01 -2.360482479270677517e-02 -2.360588079023191038e-02
-2.379065690769823285e-02 1.212949657084083643e-02 7.398948680127719058e-02 1.700037890905211069e-01 1.830183828347375086e-01 1.232659149721592948e-02 1.232593227337685018e-02
6.140384164959891700e-02 7.398948680127719058e-02 1.254632800547979786e-02 2.499239122801428792e-01 3.378416801842788475e-01 7.421507611100387758e-02 7.421411605107844367e-02
1.445419766513357518e-01 1.700037890905211069e-01 2.499239122801428792e-01 1.838162029095591898e-01 3.792793848886818475e-01 1.702017417458229209e-01 1.702010121802524090e-01
1.698461722444754851e-01 1.830183828347375086e-01 3.378416801842788475e-01 3.792793848886818475e-01 -3.420406505381816983e-04 1.832109198000144157e-01 1.832103512051673766e-01
-2.360482479270677517e-02 1.232659149721592948e-02 7.421507611100387758e-02 1.702017417458229209e-01 1.832109198000144157e-01 1.252373276921268930e-02 1.252307343525755831e-02
-2.360588079023191038e-02 1.232593227337685018e-02 7.421411605107844367e-02 1.702010121802524090e-01 1.832103512051673766e-01 1.252307343525755831e-02 1.252241409828391480e-02
