-3.946926488201549232e-02 -2.292692876712629918e-02 9.398681021927635104e-02 7.664955608066395532e-02 2.182271483913842403e-01 -2.292153442203022362e-02 -2.292105035454167217e-02
-2.292692876712629918e-02 1.243695745383352870e-03 9.061970628068712064e-02 9.334544854289331117e-02 1.920876460721546719e-01 1.243048100739557824e-03 1.243644161961724110e-03
9.398681021927635104e-02 9.061970628068712064e-02 6.733394575525156189e-02 1.892802744544438698e-01 3.878527945895224316e-01 9.062248785287291275e-02 9.062315798523011556e-02
7.664955608066395532e-02 9.334544854289331117e-02 1.892802744544438698e-01 6.463817632868222585e-02 3.249357943494929901e-01 9.335868976515350470e-02 9.335927650291563074e-02
2.182271483913842403e-01 1.920876460721546719e-01 3.878527945895224316e-01 3.249357943494929901e-01 2.144305431851735444e-02 1.920973447184376182e-01 1.920978103331819342e-01
-2.292153442203022362e-02 1.243048100739557824e-03 9.062248785287291275e-02 9.335868976515350470e-02 1.920973447184376182e-01 1.242410805191699989e-03 1.243006905798118861e-03
-2.292105035454167217e-02 1.243644161961724110e-03 9.062315798523011556e-02 9.335927650291563074e-02 1.920978103331819342e-01 1.243006905798118861e-03 1.243603007864107178e-03
