-----2015-01-16 14:48:04.948811-----
n:	10
var_y:	[  4.96691479e+17]
sens:	-0.627554866101	2.3538072695	1.35067972035	2.19559043008	4.62728493303	2.35239981755	2.35239812391
sens_t:	0.666365685798	-2.24099857733	-1.11932485089	-1.27341957488	-3.73711780414	-2.23945968104	-2.23946470998
sens_2:	[-3.00518156]	[-0.62634098]	[-1.38308207]	[-0.41518527]	[ 1.45399495]	[-0.62754439]	[-0.62755054]
	[-0.62634098]	[ 2.35522369]	[ 1.3519805]	[ 2.19657062]	[ 4.62877145]	[ 2.35381606]	[ 2.35381436]
	[-1.38308207]	[ 1.3519805]	[ 0.35885291]	[ 1.25192533]	[ 3.50178248]	[ 1.35068676]	[ 1.35068656]
	[-0.41518527]	[ 2.19657062]	[ 1.25192533]	[ 1.97823721]	[ 4.76726489]	[ 2.19559281]	[ 2.19559496]
	[ 1.45399495]	[ 4.62877145]	[ 3.50178248]	[ 4.76726489]	[ 6.42193104]	[ 4.62729304]	[ 4.627289]
	[-0.62754439]	[ 2.35381606]	[ 1.35068676]	[ 2.19559281]	[ 4.62729304]	[ 2.3524086]	[ 2.35240691]
	[-0.62755054]	[ 2.35381436]	[ 1.35068656]	[ 2.19559496]	[ 4.627289]	[ 2.35240691]	[ 2.35240522]
sens_2n:	[-0.19128156]	[ 0.33449198]	[-0.80783792]	[-0.05488315]	[ 2.05411063]	[ 0.33363391]	[ 0.333637]
	[ 0.33449198]	[ 3.24253758]	[ 2.12074433]	[ 2.27450395]	[ 4.73841084]	[ 3.24099806]	[ 3.24100309]
	[-0.80783792]	[ 2.12074433]	[ 1.54747328]	[ 1.40227404]	[ 3.54136766]	[ 2.1193261]	[ 2.119333]
	[-0.05488315]	[ 2.27450395]	[ 1.40227404]	[ 3.16474093]	[ 4.17666071]	[ 2.27342755]	[ 2.27342678]
	[ 2.05411063]	[ 4.73841084]	[ 3.54136766]	[ 4.17666071]	[ 7.71473054]	[ 4.73711904]	[ 4.73712365]
	[ 0.33363391]	[ 3.24099806]	[ 2.1193261]	[ 2.27342755]	[ 4.73711904]	[ 3.23945916]	[ 3.23946419]
	[ 0.333637]	[ 3.24100309]	[ 2.119333]	[ 2.27342678]	[ 4.73712365]	[ 3.23946419]	[ 3.23946922]
--------------------
n:	20
var_y:	[  6.38915420e+17]
sens:	0.548881255098	0.873378784948	1.18744006841	0.824491081415	0.656498574787	0.873612362123	0.873623593296
sens_t:	-0.317164266894	-0.972872696199	-0.820205643758	-0.0334942835918	0.401839056321	-0.973221375933	-0.97322919196
sens_2:	[ 0.45918962]	[ 0.5484595]	[ 1.23424632]	[ 0.71469371]	[ 0.31398014]	[ 0.54887573]	[ 0.54888606]
	[ 0.5484595]	[ 0.87313899]	[ 1.18692879]	[ 0.82392397]	[ 0.65610295]	[ 0.8733723]	[ 0.87338354]
	[ 1.23424632]	[ 1.18692879]	[ 1.6877687]	[ 1.29970781]	[ 1.29317005]	[ 1.18743407]	[ 1.18744425]
	[ 0.71469371]	[ 0.82392397]	[ 1.29970781]	[ 0.82767884]	[ 0.63235986]	[ 0.82448564]	[ 0.82449478]
	[ 0.31398014]	[ 0.65610295]	[ 1.29317005]	[ 0.63235986]	[ 0.2290698]	[ 0.65649445]	[ 0.65650271]
	[ 0.54887573]	[ 0.8733723]	[ 1.18743407]	[ 0.82448564]	[ 0.65649445]	[ 0.87360588]	[ 0.87361711]
	[ 0.54888606]	[ 0.87338354]	[ 1.18744425]	[ 0.82449478]	[ 0.65650271]	[ 0.87361711]	[ 0.87362834]
sens_2n:	[ 1.66802868]	[ 1.31653006]	[ 1.77763172]	[ 1.0614931]	[ 0.32773108]	[ 1.31715896]	[ 1.31716527]
	[ 1.31653006]	[ 1.97251967]	[ 1.81968062]	[ 1.03299268]	[ 0.59762466]	[ 1.97286792]	[ 1.97287574]
	[ 1.77763172]	[ 1.81968062]	[ 2.75301658]	[ 1.57100422]	[ 0.8117395]	[ 1.82020105]	[ 1.82020911]
	[ 1.0614931]	[ 1.03299268]	[ 1.57100422]	[ 1.258184]	[ 0.35906704]	[ 1.03348941]	[ 1.03349603]
	[ 0.32773108]	[ 0.59762466]	[ 0.8117395]	[ 0.35906704]	[ 1.3083659]	[ 0.59815388]	[ 0.59816191]
	[ 1.31715896]	[ 1.97286792]	[ 1.82020105]	[ 1.03348941]	[ 0.59815388]	[ 1.9732166]	[ 1.97322441]
	[ 1.31716527]	[ 1.97287574]	[ 1.82020911]	[ 1.03349603]	[ 0.59816191]	[ 1.97322441]	[ 1.97323223]
--------------------
n:	30
var_y:	[  5.86295989e+17]
sens:	-0.715507420845	0.668339891746	0.769088683146	0.150613534708	-0.43577221346	0.66822616317	0.668232641455
sens_t:	1.16116265082	-0.633515751433	-0.0722033019343	0.59984148443	1.49357853488	-0.633381681999	-0.633387342029
sens_2:	[-1.99269701]	[-0.71537321]	[-0.63726869]	[-1.27067483]	[-1.52763337]	[-0.7155051]	[-0.71549848]
	[-0.71537321]	[ 0.6684565]	[ 0.7693625]	[ 0.15063709]	[-0.43563381]	[ 0.66834274]	[ 0.66834921]
	[-0.63726869]	[ 0.7693625]	[ 0.65724934]	[ 0.30279218]	[-0.03164611]	[ 0.76909117]	[ 0.76909897]
	[-1.27067483]	[ 0.15063709]	[ 0.30279218]	[-0.05617327]	[-0.9887167]	[ 0.15061675]	[ 0.15062302]
	[-1.52763337]	[-0.43563381]	[-0.03164611]	[-0.9887167]	[-2.0000711]	[-0.43576963]	[-0.43576234]
	[-0.7155051]	[ 0.66834274]	[ 0.76909117]	[ 0.15061675]	[-0.43576963]	[ 0.66822901]	[ 0.66823549]
	[-0.71549848]	[ 0.66834921]	[ 0.76909897]	[ 0.15062302]	[-0.43576234]	[ 0.66823549]	[ 0.66824196]
sens_2n:	[-0.46384281]	[-0.16099894]	[-0.33681294]	[-0.59876699]	[-1.74244908]	[-0.16116042]	[-0.161156]
	[-0.16099894]	[ 1.63365184]	[ 1.07248018]	[ 0.40021811]	[-0.49352124]	[ 1.63351749]	[ 1.63352315]
	[-0.33681294]	[ 1.07248018]	[ 2.23099635]	[ 0.42389445]	[-0.8945069]	[ 1.07220527]	[ 1.07221297]
	[-0.59876699]	[ 0.40021811]	[ 0.42389445]	[ 0.45678948]	[-1.15215847]	[ 0.400162]	[ 0.40016712]
	[-1.74244908]	[-0.49352124]	[-0.8945069]	[-1.15215847]	[-0.40579168]	[-0.4935751]	[-0.49357205]
	[-0.16116042]	[ 1.63351749]	[ 1.07220527]	[ 0.400162]	[-0.4935751]	[ 1.63338342]	[ 1.63338908]
	[-0.161156]	[ 1.63352315]	[ 1.07221297]	[ 0.40016712]	[-0.49357205]	[ 1.63338908]	[ 1.63339474]
--------------------
n:	40
var_y:	[  5.08181895e+17]
sens:	-1.10184265056	0.585689990592	1.12323925567	0.361247406231	0.673992195769	0.585311187074	0.58530921542
sens_t:	1.5409135271	-0.580867147563	-0.264585286986	0.475955223009	0.283453540352	-0.58027709832	-0.580275470129
sens_2:	[-2.871096]	[-1.10162954]	[-1.02043369]	[-1.49654683]	[-1.01881642]	[-1.10183618]	[-1.10183828]
	[-1.10162954]	[ 0.58607631]	[ 1.12394763]	[ 0.36172169]	[ 0.67448708]	[ 0.5856975]	[ 0.58569553]
	[-1.02043369]	[ 1.12394763]	[ 0.76431511]	[ 0.65740485]	[ 1.49419262]	[ 1.12324424]	[ 1.12324358]
	[-1.49654683]	[ 0.36172169]	[ 0.65740485]	[-0.31087486]	[ 0.37334878]	[ 0.36125256]	[ 0.3612522]
	[-1.01881642]	[ 0.67448708]	[ 1.49419262]	[ 0.37334878]	[-0.2364586]	[ 0.67400107]	[ 0.67399933]
	[-1.10183618]	[ 0.5856975]	[ 1.12324424]	[ 0.36125256]	[ 0.67400107]	[ 0.5853187]	[ 0.58531673]
	[-1.10183828]	[ 0.58569553]	[ 1.12324358]	[ 0.3612522]	[ 0.67399933]	[ 0.58531673]	[ 0.58531476]
sens_2n:	[-1.14086486]	[-0.54052192]	[-0.34651722]	[-1.36668947]	[-1.17993473]	[-0.54090779]	[-0.54090869]
	[-0.54052192]	[ 1.58146457]	[ 1.26500566]	[ 0.52470114]	[ 0.71706737]	[ 1.58087371]	[ 1.58087208]
	[-0.34651722]	[ 1.26500566]	[ 2.91287811]	[ 0.50815472]	[ 0.4554865]	[ 1.26459205]	[ 1.26459144]
	[-1.36668947]	[ 0.52470114]	[ 0.50815472]	[ 0.5860269]	[ 0.04325487]	[ 0.52405307]	[ 0.52405044]
	[-1.17993473]	[ 0.71706737]	[ 0.4554865]	[ 0.04325487]	[ 1.78198537]	[ 0.71655104]	[ 0.71655058]
	[-0.54090779]	[ 1.58087371]	[ 1.26459205]	[ 0.52405307]	[ 0.71655104]	[ 1.58028366]	[ 1.58028204]
	[-0.54090869]	[ 1.58087208]	[ 1.26459144]	[ 0.52405044]	[ 0.71655058]	[ 1.58028204]	[ 1.58028041]
--------------------
n:	50
var_y:	[  5.85759811e+17]
sens:	-0.076578832596	0.400164084006	0.456291969525	-0.0668372356688	0.728061679628	0.400351487566	0.400351130694
sens_t:	0.434530713481	-0.416874659793	0.295412861293	0.326257877819	0.567209675143	-0.416938661403	-0.416939925414
sens_2:	[-0.68201233]	[-0.0766745]	[-0.00645129]	[-0.49233412]	[ 0.2157683]	[-0.07657465]	[-0.07657522]
	[-0.0766745]	[ 0.39998088]	[ 0.45617544]	[-0.06703603]	[ 0.72799537]	[ 0.40016841]	[ 0.40016805]
	[-0.00645129]	[ 0.45617544]	[ 0.04062016]	[ 0.03795081]	[ 0.87539858]	[ 0.45629358]	[ 0.45629264]
	[-0.49233412]	[-0.06703603]	[ 0.03795081]	[-0.64421639]	[ 0.38620923]	[-0.06683337]	[-0.06683347]
	[ 0.2157683]	[ 0.72799537]	[ 0.87539858]	[ 0.38620923]	[-0.13200295]	[ 0.72806455]	[ 0.72806524]
	[-0.07657465]	[ 0.40016841]	[ 0.45629358]	[-0.06683337]	[ 0.72806455]	[ 0.40035581]	[ 0.40035546]
	[-0.07657522]	[ 0.40016805]	[ 0.45629264]	[-0.06683347]	[ 0.72806524]	[ 0.40035546]	[ 0.4003551]
sens_2n:	[ 0.53431507]	[ 0.56536214]	[ 0.30234659]	[ 0.01801734]	[-0.09170557]	[ 0.56547265]	[ 0.5654726]
	[ 0.56536214]	[ 1.41681353]	[ 0.70452913]	[ 0.67369535]	[ 0.43273399]	[ 1.41687703]	[ 1.4168783]
	[ 0.30234659]	[ 0.70452913]	[ 1.78848651]	[ 0.24816925]	[ 0.1253379]	[ 0.70459089]	[ 0.70459125]
	[ 0.01801734]	[ 0.67369535]	[ 0.24816925]	[ 0.65283999]	[-0.12470009]	[ 0.67374494]	[ 0.67374474]
	[-0.09170557]	[ 0.43273399]	[ 0.1253379]	[-0.12470009]	[ 1.37550355]	[ 0.43279355]	[ 0.43279296]
	[ 0.56547265]	[ 1.41687703]	[ 0.70459089]	[ 0.67374494]	[ 0.43279355]	[ 1.41694104]	[ 1.4169423]
	[ 0.5654726]	[ 1.4168783]	[ 0.70459125]	[ 0.67374474]	[ 0.43279296]	[ 1.4169423]	[ 1.41694357]
--------------------
n:	60
var_y:	[  5.40027378e+17]
sens:	-0.150785580144	0.361108652404	-0.83464587028	-0.637332391948	-0.312481592482	0.361264859993	0.361271065197
sens_t:	0.620652970966	-0.320716037533	1.46102433358	0.903651947287	1.24232108174	-0.320826665711	-0.320832027158
sens_2:	[-0.91901781]	[-0.15085919]	[-1.3515976]	[-1.13907572]	[-0.56597211]	[-0.15078472]	[-0.15077894]
	[-0.15085919]	[ 0.36095289]	[-0.83461689]	[-0.63746276]	[-0.31257009]	[ 0.36110915]	[ 0.36111535]
	[-1.3515976]	[-0.83461689]	[-2.30599577]	[-1.82215934]	[-1.19520005]	[-0.83464561]	[-0.83463998]
	[-1.13907572]	[-0.63746276]	[-1.82215934]	[-1.61695805]	[-1.00054234]	[-0.63733167]	[-0.63732566]
	[-0.56597211]	[-0.31257009]	[-1.19520005]	[-1.00054234]	[-1.2506432]	[-0.3124804]	[-0.31247632]
	[-0.15078472]	[ 0.36110915]	[-0.83464561]	[-0.63733167]	[-0.3124804]	[ 0.36126535]	[ 0.36127156]
	[-0.15077894]	[ 0.36111535]	[-0.83463998]	[-0.63732566]	[-0.31247632]	[ 0.36127156]	[ 0.36127776]
sens_2n:	[ 0.55582459]	[ 0.37921812]	[-1.07374645]	[-0.68655972]	[-0.98910659]	[ 0.3793479]	[ 0.37935357]
	[ 0.37921812]	[ 1.32060654]	[-0.46127477]	[ 0.09613281]	[-0.24242544]	[ 1.32071651]	[ 1.32072187]
	[-1.07374645]	[-0.46127477]	[-0.18190958]	[-1.21205436]	[-1.72365979]	[-0.46102445]	[-0.46101997]
	[-0.68655972]	[ 0.09613281]	[-1.21205436]	[-0.07287533]	[-1.24177675]	[ 0.09635037]	[ 0.09635352]
	[-0.98910659]	[-0.24242544]	[-1.72365979]	[-1.24177675]	[ 0.03389742]	[-0.24232035]	[-0.24231597]
	[ 0.3793479]	[ 1.32071651]	[-0.46102445]	[ 0.09635037]	[-0.24232035]	[ 1.32082714]	[ 1.3208325]
	[ 0.37935357]	[ 1.32072187]	[-0.46101997]	[ 0.09635352]	[-0.24231597]	[ 1.3208325]	[ 1.32083786]
--------------------
n:	70
var_y:	[  4.91345925e+17]
sens:	-0.462849198327	0.337830608748	-0.392323674935	0.0692270601688	0.35950145823	0.338091051963	0.338089659429
sens_t:	0.789737523919	-0.346402763776	0.988068272769	0.254847276283	0.901545040089	-0.346540819562	-0.346541272804
sens_2:	[-1.30180393]	[-0.46309857]	[-1.02172967]	[-0.73023438]	[-0.44867092]	[-0.46284721]	[-0.46284927]
	[-0.46309857]	[ 0.33757136]	[-0.39253498]	[ 0.06892352]	[ 0.35938717]	[ 0.33783179]	[ 0.33783039]
	[-1.02172967]	[-0.39253498]	[-1.32738965]	[-0.75105852]	[-0.06286343]	[-0.39232143]	[-0.39232404]
	[-0.73023438]	[ 0.06892352]	[-0.75105852]	[-0.31435242]	[ 0.00493768]	[ 0.06922889]	[ 0.06922736]
	[-0.44867092]	[ 0.35938717]	[-0.06286343]	[ 0.00493768]	[-0.54965993]	[ 0.35950157]	[ 0.3595011]
	[-0.46284721]	[ 0.33783179]	[-0.39232143]	[ 0.06922889]	[ 0.35950157]	[ 0.33809223]	[ 0.33809084]
	[-0.46284927]	[ 0.33783039]	[-0.39232404]	[ 0.06922736]	[ 0.3595011]	[ 0.33809084]	[ 0.33808945]
sens_2n:	[ 0.4674968]	[ 0.21010234]	[-0.78977577]	[-0.25577362]	[-0.64944099]	[ 0.2102629]	[ 0.21026287]
	[ 0.21010234]	[ 1.34626656]	[ 0.01173581]	[ 0.74505054]	[ 0.09820364]	[ 1.34640402]	[ 1.34640448]
	[-0.78977577]	[ 0.01173581]	[ 0.6477027]	[-0.4813019]	[-1.00776974]	[ 0.01193446]	[ 0.01193251]
	[-0.25577362]	[ 0.74505054]	[-0.4813019]	[ 0.78829062]	[-0.28139394]	[ 0.74515414]	[ 0.74515436]
	[-0.64944099]	[ 0.09820364]	[-1.00776974]	[-0.28139394]	[ 1.08626829]	[ 0.09845628]	[ 0.09845413]
	[ 0.2102629]	[ 1.34640402]	[ 0.01193446]	[ 0.74515414]	[ 0.09845628]	[ 1.34654208]	[ 1.34654253]
	[ 0.21026287]	[ 1.34640448]	[ 0.01193251]	[ 0.74515436]	[ 0.09845413]	[ 1.34654253]	[ 1.34654299]
--------------------
-----2015-01-16 16:41:42.602299-----
-----2015-01-16 16:41:58.529605-----
-----2015-01-16 16:42:36.643424-----
-----2015-01-16 16:43:20.063584-----
-----2015-01-16 16:44:52.774585-----
-----2015-01-16 16:46:13.342427-----
-----2015-01-16 16:50:07.637792-----
-----2015-01-16 16:54:50.386841-----
-----2015-01-16 16:57:50.528174-----
-----2015-01-16 16:58:15.253336-----
-----2015-01-16 16:58:53.520013-----
-----2015-01-16 16:59:36.863606-----
-----2015-01-16 17:00:30.611571-----
-----2015-01-16 17:00:49.051040-----
-----2015-01-16 17:01:25.713442-----
-----2015-01-16 17:02:00.685034-----
-----2015-01-16 17:02:19.186966-----
-----2015-01-16 17:03:35.324211-----
-----2015-01-16 17:04:24.888901-----
-----2015-01-16 17:09:59.891749-----
-----2015-01-16 17:11:03.199288-----
-----2015-01-16 17:11:38.309393-----
-----2015-01-16 17:12:32.005796-----
-----2015-01-16 17:12:43.321940-----
-----2015-01-16 17:14:05.879027-----
